0.18345388195146525,0.03334257434181809,0.07233895947281681,0.05354000870812255,0.18028323278009728,0.041385072021011916,0.3447568481108345,0.35310778203523113,0.11975821845883156,0.10275146457433273,0.1524337399810837,0.10064839139506004,0.38681957719263305,0.30149435663274704,0.0013038808280893656,0.3623369975212818,0.011932694405055644,0.23045988726969402,0.2303351333325499,0.24704552089198875,0.1799845256623566,0.2944435688904929,
0.2514476263226814,0.05766250861984199,0.1814934121263692,0.08895408291579128,0.35286605380969505,0.2429355784558628,0.3001161285528865,0.28029769567233026,0.08608328914286655,0.373218830872863,0.3084437157650118,0.3125560960744354,0.37017209508360005,0.3496989778619491,0.32407755422550805,0.003387267198947086,0.2616911984091404,0.08340239895220068,0.38800821766840204,0.08874661307961801,0.38219181617974685,0.08349472735853275,
0.20442921941266318,0.15748415870997237,0.15572660334828592,0.015477104879201509,0.3257317311741917,0.03555078732195321,0.04373545926369707,0.3040809356522398,0.14795940711023148,0.012277903820714853,0.21030066473187345,0.22439444221051433,0.15877959246634146,0.23615905001092635,0.3553743629771545,0.026120651827005893,0.20951341803190335,0.01829434672529975,0.049959695706039135,0.2256535852794241,0.14489879300692562,0.37635565149329886,
0.0941263160393993,0.023715748060646604,0.17295363025443408,0.2313883115297892,0.10360985504642964,0.0999109198001912,0.12351880549589343,0.05092080912518937,0.3087038840034572,0.07243748898386185,0.20523219833364792,0.009623768447134973,0.07341132647921121,0.05529910694773315,0.32361515017922704,0.19639377001036104,0.09273163427035853,0.09628126649103459,0.1314351034864712,0.2321526945091856,0.24057557849320885,0.08403129285404615,
0.34946204169911477,0.38034439653844987,0.16684728646576363,0.2818037596996234,0.2852432699098241,0.06258230338094087,0.22118703644336624,0.2363705144024579,0.29516158788463853,0.32857917687996974,0.3116677284785907,0.1654050190866667,0.3970669830343595,0.12652481317552763,0.13501415524714275,0.2923878933353729,0.377254194724336,0.15089885070170062,0.37148813000584774,0.056875530563475746,0.07331102833634962,0.12444838129526681,
1.2028738636791916,0.8238986433705687,0.48707903433208855,0.38197885935154685,0.39697157230187247,0.3168528580071175,0.1776424361708521,0.22742007797974664,0.3388424862401643,0.1339774959888916,0.04810076582137389,0.3262412822115673,0.08894815279372909,0.15102195711468477,0.5294734068287029,0.5884189771308926,0.4876948143162697,0.6208017403894629,0.32079791672242575,0.05620035626958852,0.10609021636757658,0.09251284215295939,
0.185229531656659,0.08822185034851326,0.12059122644645655,0.09595095193380626,0.34466870525778853,0.1610993376879042,0.18360257502267624,0.2795928960410201,0.3485661937054541,0.17836099175999373,0.060215593249154514,0.37427938424208856,0.34100088036669507,0.2844033742902908,0.2575675126514161,0.09862221051664095,0.33794099171102343,0.06542232398402699,0.2798963952091563,0.05411976273226191,0.3297004053961591,0.04650259445546259,
0.6905973999095958,0.6537299438970544,0.3921994741865207,0.48312243883603384,0.5060147682025843,0.41049528872070706,0.3384842945864594,0.2708797119700597,0.2022173131687771,0.0993953974274871,0.1108409935991512,0.29324013736691,0.11603782459927413,0.10758991590811323,0.18010314739507663,0.23944217069137302,0.20011524961726934,0.27459171424902057,0.31380590904025263,0.16143000700836907,0.0012228009043428675,0.3282806042979276,
0.23041365569410513,0.01162561464406564,0.21675117983691727,0.038345321437975914,0.22271442342230097,0.17492791582749884,0.3227427619029059,0.2660254424647154,0.3812805286015874,0.11356179732421792,0.17851219801400067,0.269245657413564,0.03585598587817778,0.3092620508568667,0.052820634809707515,0.352944133486743,0.04564195043774793,0.27709043762448676,0.24199186365393022,0.07412806069914919,0.2134157078050942,0.2993192422533795,
0.14094966081514335,0.24383040731439543,0.34259784720392383,0.38930589907674923,0.07624792931601974,0.22140808414739782,0.25069094990160457,0.14488278133004193,0.20743360327653004,0.309774438282001,0.05298552222829081,0.34664567002972047,0.38106592944071493,0.05668868546723025,0.3481172883613602,0.14246338591845162,0.12920505757990594,0.1201395357948356,0.1116782964182474,0.20259106030672808,0.2281251281835286,0.2925814993954005,
0.2618814281782443,0.3102325080630548,0.17082444664397134,0.128872821660475,0.3918970649820212,0.3710097945657436,0.009705687088324888,0.060122821928856145,0.19230821381484287,0.3840687434825032,0.18715593200296696,0.1622123278386158,0.2951151945955791,0.13497934321395252,0.3125443320999783,0.20746169113210713,0.09773583452253903,0.3177835248257934,0.02058388859396887,0.02211201411995636,0.11226210528848163,0.28903230580822586,
0.188768649989144,0.2032343242625684,0.16905261236953956,0.36811341608226944,0.017766254807430614,0.08388090710525975,0.3800784200597395,0.38399402370216573,0.05479038075187886,0.10875698308417077,0.2586865334896692,0.05671667397445473,0.34802614893843836,0.37197667500018033,0.23960728127068817,0.035880206795820734,0.015807622106820008,0.27802357814550904,0.0006288435779999713,0.05130935774927195,0.2015329774887135,0.19653233117111962,
0.17358646726699087,0.2552722873550965,0.2936294051635488,0.3653173392443713,0.353167309157767,0.10928091881069363,0.3673586045186705,0.3201276816875469,0.032971404867967014,0.14418769147478266,0.2935996971229213,0.03856910862433147,0.18276528702535055,0.3623101552034755,0.3905312402770078,0.16901120494475333,0.29350886998300935,0.23729457159731868,0.19275144058382365,0.16133027233573302,0.2488425977779597,0.39285174142205626,
0.0704059736278908,0.30103733061938165,0.010227027526111288,0.34814522479390225,0.3815927014582279,0.02123927450347445,0.20495455358764755,0.1773290149391316,0.16444873857342426,0.1915634851226693,0.1385729549014254,0.09845749483530337,0.12181189405085582,0.12426821951720655,0.3497838045007761,0.03459835051539182,0.14293082541321606,0.3744302291114699,0.1792299701444029,0.19406389261861384,0.3945462517925333,0.007808996486114994,
0.10788503839591135,0.26558089180070044,0.02666417781894608,0.35046336700487357,0.0830478969144619,0.3636016821216753,0.05536052762098973,0.12251993902642706,0.18959465262279523,0.3779453375562652,0.07678235782616097,0.3089996010901589,0.11274501816657186,0.05566065352525249,0.11011500973586688,0.2493943874620467,0.27723832514285424,0.3329942410256403,0.19779657864668027,0.25605172585131725,0.30160709935985,0.06935353642361522,
0.14582826489773776,0.3769437394334546,0.4064509452861678,0.04053247318303828,0.2927699109340909,0.40306982209143577,0.2518436406102518,0.4371746679775812,0.23948978129538917,0.2738414818914279,0.4646917154393767,0.500507832691159,0.27240747459872205,0.39519549539592974,0.11788740918524143,0.25857690209428835,0.024196927434454056,0.30233949634208807,0.1557030475590298,0.32038385428708993,0.18882462600530472,0.21743199021589443,
0.06425706057446065,0.31898134199020944,0.3291542451160258,0.16561512552277052,0.5206134959110068,0.34461648350410484,0.4659140573341975,0.38006270295709277,0.47138533075207983,0.22382269660405585,0.3559649220613618,0.39867215580516036,0.4165353643330562,0.2470041866959308,0.3096188924285277,0.28796052833977703,0.4195434060224009,0.4421090465461526,0.39515204176732305,0.4165834803088408,0.4765979186290289,0.2167821740410123,
0.16515301867886786,0.10984513378685588,0.28995330075226944,0.38023811392333484,0.1527099536224959,0.2805852661227786,0.3703091864380354,0.03565945455696782,0.3490786266346632,0.30705412071760174,0.24943843557810577,0.06157358811215033,0.13814603339265147,0.3691058068933559,0.08098446061093495,0.35728452665861754,0.2282362785896516,0.050124776517996496,0.02920054708391584,0.18573313940395908,0.2385067561052044,0.11893314897199253,
0.30900588528973333,0.26498156493558184,0.28336304155609077,0.15602257122341695,0.3538722196516093,0.2597683529179565,0.046936524691907656,0.00024704330972538104,0.18287185131410483,0.2673330578109397,0.09908202143524801,0.2577557432100825,0.05742238179851791,0.03875669741549812,0.1271817940470621,0.24743201700747033,0.3488466078019267,0.19564376212527812,0.2202802283452693,0.2777476121581432,0.35018436117443497,0.1198354449694163,
0.21316911997450033,0.11135018006961586,0.13948960666855453,0.015173430016463298,0.23320617646776812,0.28948793250202903,0.2166876850319627,0.1757066542518465,0.06789010298185337,0.06710079529677718,0.28793253984631834,0.3639355401623336,0.008481393508633596,0.24393074342192422,0.1061634858563306,0.16290889012329615,0.36060862506233105,0.12077859569131362,0.2278373830273857,0.33987046999507686,0.35283725784257375,0.24084647664135247,
0.34120996256148844,0.1984030560665281,0.28206355412626516,0.02032675171596332,0.19856217456515496,0.2522291259313893,0.09436968688801924,0.24356078686654803,0.3637768454130515,0.2420116746504749,0.2572701158478079,0.3077589654665018,0.16549827654812993,0.08828127517392481,0.12651993660784636,0.35403645593999006,0.1169008492243465,0.1975533054975428,0.2531670107424787,0.19352200814181178,0.3116819644461387,0.18314620296339756,
0.009023069465113798,0.2684439508074079,0.007905751043528175,0.2513967031746062,0.0029962895071032228,0.2917264446432039,0.25320935672249156,0.24832910548542958,0.13868127783456993,0.05778248847451444,0.13424611805594294,0.009440108376096702,0.09404967552363677,0.22348718941678364,0.31019999045663194,0.0659228101038936,0.17397249273671497,0.3688190168965446,0.11931573940629812,0.37242332701039155,0.34689575275567286,0.05708409140888802,
0.18605259330303414,0.2504410440036606,0.147069004550332,0.19068639761388304,0.18146695663246964,0.19674382497678677,0.04282719362347081,0.1269724834634401,0.14139277476840204,0.38521757478802776,0.12338855129510372,0.328323184712686,0.09325909362104481,0.08699900016166451,0.28245503774980874,0.12050644561534805,0.204614848753427,0.18995446998300425,0.2679203833014443,0.055423652120393685,0.3995555851429441,0.35928441069695394,
0.11212372111937863,0.054223677193463216,0.1372525926977861,0.07866982415396984,0.10426368834604048,0.044213786870714866,0.18153064652358092,0.3810739486085797,0.19315829790111916,0.029702663585594903,0.202561114042138,0.29486953566031693,0.2637987339080746,0.05616134848954424,0.3568818978153324,0.29488928239182327,0.16253017906150583,0.3372204989311891,0.395224414666078,0.27731327234247616,0.2091372275482021,0.027564821313591906,
0.03667614288070999,0.3996362898172392,0.322405260503267,0.3866639421263162,0.3392036319875782,0.05965196077551811,0.016588500458747914,0.0876376791277524,0.37811278807362286,0.01602242232532012,0.05776768103730206,0.34693528927680933,0.04112319170983461,0.3277902671196722,0.21689351692672043,0.029169280524149424,0.20704099559493327,0.37190377766573185,0.0518771613902997,0.2380082710574709,0.1292304067888493,0.012799896270491785,
0.37834952066772876,0.02469265409892927,0.2740830461046911,0.23421120199601755,0.029394050139716656,0.20389821328177377,0.3404028658864761,0.21910101753974798,0.06727688414061128,0.20164376581945676,0.26203722207054464,0.19397428612605677,0.04267091850748277,0.08558462463386514,0.12388407201692093,0.03654905062876166,0.34545618795856076,0.395576101942642,0.12452012501647368,0.10305450278640156,0.10474724571160504,0.3940882154102029,
0.009634172306331701,0.37067426560270555,0.29291851135143,0.011127165963587161,0.11432606699238623,0.3404368964451837,0.05056390398893438,0.38575506998557496,0.11813604727630694,0.3489487269986027,0.2941552372526348,0.12954631625294183,0.2173738441332037,0.20990564853527,0.00311017470299948,0.22595903251758342,0.29637145675525756,0.38478484835200244,0.09835689035769164,0.3683538753110687,0.3603408637680132,0.2563735896696424,
0.06806536468408675,0.45919547173632214,0.29548424557559944,0.16993735603604465,0.10299434431380104,0.4557592779584558,0.38183873382015115,0.12707032063471282,0.10348908888402474,0.35476837977623077,0.0956475312325223,0.41460535132005416,0.44605231340225243,0.1726141113852732,0.27812353844518234,0.13354225155791027,0.3576398129020034,0.33076241249031324,0.4580442681334533,0.387243080342751,0.5104192081829435,0.3824771204938275,
0.026648492160295058,0.04701228041666603,0.3481453070978801,0.3576574619710213,0.2372468135274587,0.031037573420457945,0.22315851707653664,0.18775583174211327,0.28407239174892573,0.13109328858872074,0.3371808195889703,0.26078352758433926,0.32658694591791715,0.0467330198245767,0.046948131589126564,0.008803672741397461,0.35685071075371017,0.296861948395584,0.2484901444290522,0.3774466323171648,0.24246461337081882,0.13055132202930064,
0.23650887267951967,0.20343808187437482,0.11829151084702204,0.37583407543982106,0.21005169173081875,0.1094463741295661,0.1359292330011613,0.3917705942320885,0.3824080891416728,0.0816743739292134,0.0127350238581593,0.08078302163708201,0.19359062785331216,0.07286961596601867,0.23783439042659285,0.2569977850509891,0.18592287612660297,0.040847545951718495,0.2642848144549726,0.12189438461116238,0.0005879198454555646,0.03666180866450169,
0.3766625738644691,0.2114869292716585,0.33697982438882995,0.24217172738765957,0.2096342192922701,0.21424433153956424,0.01501054427412285,0.22508638166214265,0.27747455476860333,0.1001937412902017,0.11780653410433867,0.008052814688917654,0.027198771685028114,0.09009940447259518,0.08513299471690727,0.21828026172907627,0.1476680834379363,0.3159979193216807,0.27059945040830435,0.15726283188899384,0.10774553757695529,0.27241108702403893,
0.3554208271691573,0.2442954156367978,0.27461917767974126,0.10254249045340287,0.1403836703308358,0.277052183032709,0.3198746763704484,0.12552150459584213,0.030647451312140285,0.13238057665225286,0.0857700667581419,0.2827058505488502,0.023471721108951505,0.320035451896038,0.38036205535736944,0.14108349596196681,0.3608391717482045,0.37119213420949587,0.1181186853046075,0.10211125027099853,0.3832267993757093,0.20685821437947782,
0.23300722620705858,0.034331697818945676,0.002150538278182479,0.37857391481292263,0.1993703773698577,0.39381149005790217,0.1698198611949922,0.006043697048663921,0.1699451274010047,0.07305027420730817,0.20318973773386162,0.01256592026918222,0.28577858285673646,0.01862714074511178,0.27103259637493227,0.20487028622597692,0.008684760018156502,0.30359313869077326,0.1717323974474264,0.3000942348291088,0.3439140935521845,0.04334400094224895,
-0.5370107837802698,0.0971364633521152,0.12239757102962329,0.12373462065122859,0.3715519237880734,0.4206547434434472,0.2669385133876874,0.5828490061519183,0.45291728141730375,0.5161713802208745,0.6461348507993774,0.5364193582917287,0.9229019027427203,0.9091922302535442,1.0414066184512527,1.0753634474438445,1.142024501538583,1.1726159232757325,1.1910924950669242,1.1671189943402118,1.1667366653356865,1.19041598714562,
0.04996850286182952,0.15352968214926702,0.38513281714103076,0.3530962810239565,0.18131821563477268,0.2233809148986946,0.2559197290447934,0.34254555702637757,0.020071813506594174,0.17683698590865482,0.39523149478442676,0.2803604087147392,0.13526662791894753,0.27945981053656116,0.1286630601931989,0.39735643647019625,0.21716483803694966,0.1584157079137366,0.2845993318575722,0.1342661635347774,0.07266983819673936,0.24608108767570372,
0.1711065325813324,0.12975434281172676,0.002969028435631005,0.30379940945522454,0.18043706293953596,0.14104204831486222,0.3651928298420287,0.12372890610896588,0.004916225627421023,0.27352178816310857,0.1695755952123002,0.08029887074755276,0.12287007116732669,0.2887523943351595,0.10453084518770064,0.10439953796969484,0.18270006782866918,0.32737248230991445,0.2168202481344509,0.3797599961390034,0.0689129170176801,0.14906230318993088,
0.00121779968251845,0.12285602846267346,0.39729073908771306,0.26160606327941166,0.08960355349721222,0.09485373565469378,0.29322812093356404,0.25864819954157225,0.014412041188999991,0.23924962443357678,0.3907021599277675,0.11838294628349577,0.3853804121383475,0.28525704209647273,0.3184444880039932,0.16066848915234286,0.009826729050652983,0.07509194191517438,0.08507447812714682,0.313990760418339,0.28455021628640687,0.3782129765785238,
-0.6941625952732428,0.664469488846512,0.627667728394495,0.5651633154233926,0.9033812586439914,0.8364903656868392,0.8601986679848377,0.9104856964865763,0.9346639900781182,1.0698364369234634,1.1050120284521976,1.0372502188435062,0.9969047817736043,0.9895915882270144,1.0421086107731286,1.0584468125460547,1.0509289751035313,1.0615421463362305,0.9973840559299599,0.9694608131975887,1.0427531612213652,0.9689156237166913,
0.06138283022262292,0.3790017543529105,0.026700243650169278,0.29500304882050393,0.2071620421647462,0.0013955202869406326,0.12440971691677581,0.2304570894545266,0.3884079450409056,0.11149123230868892,0.10634005593950335,0.3502844363388917,0.2422854337484726,0.3240042805708597,0.11574628534999679,0.0017421946672424582,0.2918247823230637,0.08491960497483145,0.036281113787519546,0.04082963942105891,0.04942453704208321,0.3597432282357562,
0.054959578707669855,0.0877827521777642,0.21694447716674123,0.05306744291433128,0.023642226740192476,0.028118978910078064,0.15755343311085085,0.023819690498506275,0.16977544697747532,0.16486371686953594,0.0032651182747140076,0.39170965127484014,0.06664680851521224,0.08183988599542609,0.11979202933568081,0.3144381034741194,0.13442818847880797,0.16232322611262384,0.19736883971789443,0.009169602614238048,0.12976414193012423,0.3291982490241871,
0.1414445487385687,0.3188446976324186,0.1336271455234217,0.16130244044933237,0.11964318561347409,0.2094219433368668,0.3086728315890558,0.2338188784002481,0.3030148799586196,0.12569354418544054,0.3740254124205015,0.37489980524910305,0.10164542728615276,0.27463311121482664,0.05688015454226916,0.32706135696511657,0.04266511621132394,0.02871800765190895,0.38399803895692713,0.2585558464640612,0.0011831917102556933,0.01365235156627409,
0.16454390960224724,0.3380449368879592,0.11631878583641592,0.09896651685056619,0.38649486081781065,0.19400942495711676,0.048463931528469534,0.016937396948192074,0.35224251706549214,0.2974775610687172,0.3525678516482088,0.3266984630958457,0.3948136447631575,0.3979821640623116,0.3814924169430121,0.3682918038802881,0.2696360141937139,0.020650756766830904,0.3829775183315036,0.37079684875566055,0.20849471923672902,0.23540013984068786,
0.3740421212153251,0.2846603433469153,0.02353218250560332,0.017982709217040548,0.03173809648423283,0.047354539510822496,0.29119818407814285,0.1509302103093415,0.06262687822764157,0.3911489062876305,0.14636605491141527,0.18814234607421232,0.1688668802064869,0.186607611952029,0.3947325307930346,0.05981967207673531,0.3518066703013052,0.06408072671252359,0.06186985014850226,0.33718978930213317,0.38712717976719074,0.13327179757774574,
0.3790776900554993,0.38354893674532275,0.09619562741191477,0.22358218858613232,0.33001016218475465,8.5924576914298e-05,0.2538414837685523,0.1403017277549088,0.17414115241038763,0.13801163991447402,0.35784666967899625,0.02785787169768881,0.17833500013759918,0.046599204708254585,0.003160697069394658,0.20945132867447258,0.2926271175184096,0.08240954268148687,0.16917552398274283,0.14796937719283562,0.2853030510042156,0.16645187530172764,
0.1902834939899969,0.2072650290777337,0.12027842552210882,0.28309906367363147,0.009856815529240405,0.07109793333910966,0.2919856219080918,0.23222075141184934,0.19131466022749472,0.08820822902978508,0.06670386902070478,0.2445799450735803,0.17049951186907536,0.0978831706873931,0.27819781364874474,0.3581445073112194,0.24049248363582032,0.21669399015505092,0.23920450331894574,0.010734633651559466,0.0796823664398711,0.37140130997807574,
0.35453546889063037,0.18310928664786072,0.3381878654744488,0.1670905965901143,0.19640786900397766,0.06321950260573898,0.10141937374715787,0.019477625616936313,0.30669419653543606,0.24929006675117346,0.3961740601785627,0.18380084658974055,0.2096128675139394,0.03470783896123924,0.22510274847579637,0.013045793257395077,0.10755317969204291,0.12964766256278956,0.2063767528159156,0.1207273530924966,0.1140322444036273,0.08792627870465078,
0.06812806637198086,0.07736562997386645,0.00507580873030431,0.07885272931581344,0.3448231881620299,0.21827809357916683,0.14422512004450616,0.3283449230389562,0.28785338047567255,0.04470294631918614,0.2741008324257787,0.21682659944811822,0.1511645574204693,0.33742178727044797,0.1601763460270459,0.04870242554092363,0.14047693386649973,0.14898157511155286,0.2789278501243601,0.3052517265255441,0.2934080042876449,0.3375807459138694,
0.09787887131791645,0.27637256102169866,0.13794574728340844,0.08411529508375498,0.23057040451212837,0.2527782637977615,0.34762464320970843,0.3580159030071391,0.0038102111528728333,0.37371111245972494,0.3204592940045996,0.2697296766428609,0.208072362909211,0.16483005261937278,0.06041664344864764,0.180287633011303,0.3144407717479846,0.008651166779850117,0.3426135427340719,0.3686092627915565,0.21186458722677198,0.16359407526540726,
0.25662374500734275,0.27621399519263107,0.054405135947272504,0.07175255239775682,0.15919467181197003,0.21547918167327454,0.25229968453233187,0.278125969029199,0.3512862830054536,0.08190464897798866,0.38061091773282385,0.31791189239949535,0.1469612719879596,0.3751120704607396,0.32902677732625757,0.3658694233882076,0.147697190255736,0.2922253016290019,0.22140691774103663,0.12266464591424248,0.39357983577575384,0.014958389060754041,
0.028532159718921292,0.2153217200813809,0.18825980303112977,0.21041471779500884,0.12991620784861932,0.24501887842851322,0.2822553333710008,0.1623326324141291,0.39563180986490676,0.13290262243935272,0.3939392813582574,0.31942191367870776,0.037694076787741886,0.06578324984372456,0.12539859960242114,0.11921467693429794,0.0006169455332293961,0.3246458882622081,0.39135753085127367,0.35488297830143756,0.22432124005316947,0.2882919571041153,
0.3700161639191213,0.0011023068978178508,0.25092613319570933,0.1745743909239165,0.3760530434279671,0.05321854984651169,0.1727145162466903,0.39583964912156905,0.3476108662817228,0.20357340562834172,0.2514352049727935,0.32093396192250645,0.19163603993748138,0.24076583644875177,0.11633486630990544,0.21383408149373484,0.3073183582054218,0.255656282854912,0.13608515897208548,0.3416936218553852,0.17162867190094594,0.22949115257583452,
0.13004231045185746,0.05694128044908862,0.012267884582262845,0.030983122390902198,0.34736583233646184,0.01367873459583442,0.09792554585572288,0.09714539747891388,0.23590698847990543,0.2830906995027089,0.281219910167481,0.37172374419727516,0.24316881194835938,0.3291282516970544,0.19063736879730053,0.29224834201326444,0.06371801239455084,0.030915299666175414,0.3771842107387306,0.11573954103217138,0.1879583373051267,0.13852944051696903,
0.29985416114367824,0.05931026604133019,0.3806752765297312,0.008208389699188735,0.3845950452187641,0.0015770508457561673,0.3602120955511261,0.12614365108601086,0.007148042429412982,0.38512747101415723,0.07362064930250414,0.010354473895791028,0.35549441213131866,0.21302507883735045,0.06816261462595455,0.34532193075837203,0.2710792290528005,0.2756445649998029,0.027915187963809675,0.052737843422513246,0.008673802042335055,0.031368490226420055,
0.24194304672947783,0.15942141432347257,0.023402773296862734,0.2909517565837256,0.14997002954331667,0.004137305944116898,0.04448910027678017,0.3549144164106524,0.33358628961195563,0.31942890100804067,0.1517914699070424,0.2271218151561255,0.0018539102123415142,0.22408963100350895,0.02555207880904984,0.08124523167567421,0.3828185853013588,0.20310266871034283,0.006323335889355697,0.3277408185258387,0.09811011873146894,0.12854815069686065,
0.07915734507789232,0.08985515714236852,0.20048282075514812,0.19572886435438056,0.2915062412303859,0.2542169311558273,0.04920617031461934,0.2477135825298883,0.22213361056854827,0.14457448330338493,0.009186277551800083,0.3603764190094303,0.38772322077445964,0.3014688682242792,0.01986219836363401,0.24915987270901066,0.26341733569888043,0.21758377355346298,0.31896125804802455,0.013472179396881369,0.3643214318927056,0.2559271234235044,
0.19318854387331932,0.2771484528016106,0.010444699827267279,0.2131266107739237,0.030498228420120246,0.33419971882454025,0.3226772457266045,0.18033238379262012,0.29552635371687064,0.009287169882506196,0.17322032894223824,0.309837628498255,0.11511198698039445,0.21238158097418025,0.1564221885766522,0.09951097233852746,0.19008168133170528,0.15671732007992334,0.2578977116875423,0.016470885168372452,0.17548254980269223,0.3920605923150321,
0.23996860584636723,0.07513279093285932,0.326924937019013,0.0981075508644853,0.2095750932597941,0.11355828026271181,0.2531265148219017,0.10964734712975428,0.2667488412488754,0.048686962766971625,0.053128553720630745,0.26051867490677405,0.04550244828066168,0.381380573975651,0.2613092401317776,0.15228643205746772,0.33732025244663266,0.1388854555131751,0.3328308045894027,0.25191905426100414,0.34284260751380663,0.14643235504092944,
0.38591322626103075,0.343672939809686,0.05407331930780606,0.3954185983888168,0.16364423283337423,0.04540309332794506,0.38432672117981764,0.3353102257673984,0.1543020211791355,0.08758168537960853,0.28151663470176774,0.301733476363126,0.30280976542672894,0.26327498285903633,0.13745311610860841,0.22336939891598362,0.036741914944736775,0.20573879490631464,0.146398451790821,0.17571639772030045,0.27366536921917767,0.15474548755083806,
0.3156799841739828,0.28359092902569455,0.06616663602232324,0.29038862363249934,0.23318621652281735,0.39163621402677473,0.23478429746182694,0.16835640297175736,0.16737520577160792,0.2843561470855239,0.29633956344263956,0.009591471392904128,0.18339614740737795,0.2651094792293116,0.30476951336267666,0.15650643578246998,0.18637219788463566,0.20897545676610624,0.0609543209566612,0.1465385972817543,0.23557279190790187,0.29271182833309894,
0.22629117667569007,0.21663471916559518,0.38571114578321325,0.07806333411404119,0.33655177684995596,0.17271394013670044,0.18274787886973287,0.23272293753120543,0.12255201640645184,0.020154457661801753,0.3277566283016575,0.1602338786238444,0.33014187451707455,0.14113536666759616,0.08697388661406427,0.38027408786685013,0.09837831396660937,0.21863512149639233,0.12323958774227771,0.0037761571648652573,0.24958293547420674,0.07271679789825299,
-0.5978168660356269,1.125022958587043,1.2042756577603062,1.1569057605584077,1.2048919024341394,1.143668888575487,1.1622303139539225,1.1513477541598873,1.2033495965720071,0.9910783112220698,0.8197706397018649,0.7816462356239327,0.7733785616747537,0.9502125120295777,1.0081045995394597,1.0040979874563718,1.0446826449874038,0.9911694295071276,0.7204914051011726,0.6262856890519872,0.8994031420060276,0.9637824345036847,
0.14275533599480364,0.10879997093392135,0.23741505824253664,0.13822796422698147,0.21608772349809535,0.3279662159959761,0.2931915926863217,0.20683217384816796,0.3060721855455042,0.27544517742002494,0.0050555409916766885,0.09634902851559245,0.04934046954098301,0.1024298988282121,0.06977626297719612,0.03217726026089229,0.38320439202493334,0.12415414906915023,0.3843884607714145,0.014590282927297027,0.1024758281876915,0.3382385711748819,
0.04425998012089876,0.048601740817786745,0.24707586139305804,0.08203033814092874,0.09110830623602967,0.1261836323078241,0.11375148462065324,0.19534188118801643,0.09976125675122974,0.18450011206813346,0.17887191637260638,0.3770512772456327,0.36022285587127256,0.3025349566736697,0.3899274708165258,0.33412900037973436,0.31302613942606955,0.3757330640441565,0.07133928955783327,0.002423622156752581,0.24597747091581398,0.14211742115642598,
0.11810155291797725,0.18478079824432442,0.29825223517126614,0.3973955944889379,0.16480292754039771,0.042462647920850305,0.021943947091407612,0.2017026377481925,0.3203086375929083,0.18030296558623482,0.08762337278792268,0.304855559753723,0.08223588579311931,0.09357522783039629,0.35574380414096596,0.11348104598852521,0.1933362502629195,0.19512042223045512,0.26655393831860935,0.3086311144991026,0.028553357144735704,0.19904003135134754,
0.4556441398714148,1.2097219963045653,1.2035432502562393,1.1301301841444356,1.1230560503890874,1.0381166435869882,0.9748677794856379,0.9984287902629132,0.953650359370954,0.8406733135654093,0.6239482792753793,0.5907726163519889,0.7189845096246055,0.814283679482029,0.7486248013371782,0.43703984652429967,0.5954768740349723,0.4369924436128292,-0.48345073725770116,0.09791400000929056,0.6218709911828925,0.8276979310336662,
0.04788995701716975,0.30481208958077377,0.10134538977652625,0.23203881870271167,0.4736219822132567,0.3692248896071008,0.049283222293874634,0.2942722797858008,0.46017004444288667,0.30586588955620786,0.23629210594503625,0.2679370309385509,0.31941673207862564,0.10907646393901772,0.21470651830505155,0.3455898782801533,0.08783991935474808,0.1552394284776767,0.18562980531089282,0.2088640789000458,0.2795560451618264,0.2834681848041794,
0.306112534783604,0.37475109962041075,0.32504097408265253,0.24922022824890627,0.2310012603285888,0.051994526675939894,0.1144053722038616,0.039354923801054875,0.14443506612410592,0.33058942122227286,0.1828819805070565,0.08803825294608379,0.0027100520815469768,0.16005255979405258,0.3798990647146009,0.22745895316621023,0.04397251516621914,0.21141987478629864,0.08323449593203375,0.18617619811464248,0.1868496430159605,0.05794965282178635,
0.3764933830081869,0.22635309732468364,0.35431841780221324,0.32220560053063685,0.2220886818767497,0.1261176056360007,0.13722307410995604,0.10633916825045038,0.3914861364386719,0.3520516185524647,0.1901148308952197,0.17801384871743553,0.28553771455685734,0.07625615522246539,0.09129267720566442,0.20343415747687532,0.2093903429799554,0.28760600017016935,0.11540284767816661,0.2829914679360775,0.21862827798828502,0.11543673184401118,
0.32955432817301367,0.056130535549005156,0.362494675433571,0.3734936378526088,0.07790557962124028,0.11819939753532115,0.3167408116232937,0.0432171830816098,0.2476649832923461,0.06929113122396409,0.2459440178939188,0.31507872863608144,0.3017458508568906,0.29354219497432416,0.31516600440445985,0.3545322654439231,0.3829946647264056,0.00046175246601176667,0.22713856660457035,0.08260013748411157,0.17473030685740862,0.39361398139877046,
0.31967942390785503,0.05939889461779542,0.3193438378144728,0.14592460103265786,0.15006716201647646,0.06515755345927064,0.12756886981975138,0.27341435487045834,0.08514267924493134,0.38797196481863505,0.2775861659493761,0.2691429228950785,0.14756523708277772,0.19649148723663937,0.20421971203332975,0.2952808785703768,0.036740888343941513,0.2243104311728608,0.11133089862068571,0.08082946763267228,0.33001829119542136,0.020916357864689684,
0.14983839218774642,0.11446393678314921,0.2104823369740177,0.017236377191421237,0.32666939214013435,0.3297079828430878,0.15617265847113668,0.3470328344713804,0.1231498626741197,0.1413582100851322,0.10784671650729126,0.20625988222916947,0.20116732786795485,0.1944838497913157,0.3147496644975356,0.21195954628185876,0.15665722392030523,0.2884994264398945,0.005923480638038248,0.12656882467641584,0.13315123353235664,0.2730553426137694,
0.036761224936268766,0.3460300130193989,0.06351073107005308,0.15589557681340172,0.13615796294157276,0.03142205456926055,0.23095764708128264,0.22515207328507467,0.3804480453873799,0.3518000093237351,0.09470449089816424,0.23279528318243403,0.18459243048684165,0.13462212790588035,0.09006052703319281,0.29106653291436974,0.14717234176300914,0.08400264359171468,0.24164712991652895,0.1746853193592621,0.15495258733295675,0.3085611945014364,
0.1631119006981915,0.2790721124042606,0.31243884730832416,0.2038716515884453,0.2218342921400403,0.13719607819364876,0.2538398620429129,0.008346639478069883,0.28262663731155296,0.1339374852435765,0.014403562996363029,0.037268103337715845,0.14708720520178337,0.13074441498897654,0.20781214472093282,0.08065853770873571,0.1966335790195644,0.2606018403710226,0.11145224303869923,0.34481674570068555,0.3518485303486053,0.3353644258367309,
0.11632294726866776,0.333467885906255,0.2557711964617085,0.22173509444439998,0.33958966892074405,0.18133886132941957,0.2060134128164239,0.2149182777106865,0.22080049622330453,0.1898903737209622,0.12593664624551698,0.04707404227380518,0.1319042884327896,0.09923845459996988,0.38416840055278967,0.1094243510037623,0.1604073862601179,0.09579924686927224,0.0226533757484519,0.08309118252259609,0.12190684742179109,0.27042385176801415,
0.1920159949196103,0.35686617645382657,0.03137098760127395,0.17165305981045834,0.056853129524949655,0.08459301840632093,0.35534789538662603,0.07914895384922067,0.34175406663411395,0.3796407374230999,0.14460536334066135,0.18611703121368392,0.13903274472945762,0.26534650053222864,0.1535202214040092,0.11042996528241003,0.27705443184121264,0.30972165736420215,0.07486953495161779,0.17538190866737016,0.02515233413719278,0.31206542027401585,
0.25817481735067627,0.3106560575472237,0.19552439086323004,0.29336875336897966,0.0919300209424308,0.3620798281538843,0.35494018935660887,0.08368140148771266,0.29340935141410424,0.3516001917609996,0.022528713181738304,0.10379259218260778,0.10559685678647335,0.3612527693487536,0.015360836730826711,0.038340284645222766,0.2709408470043703,0.02920091787958952,0.25652709695878817,0.19751746124139855,0.29455142571735704,0.3719187018065974,
0.16896103383768804,0.20134142776019281,0.36111063473571003,0.36913138975253257,0.2113815853792542,0.31062238789547053,0.1316960755996719,0.29676596176851344,0.20991388284903834,0.26507745393291726,0.33504962881261163,0.21099477907447606,0.33866248572003577,0.060478781384103855,0.37599983845088525,0.044783038908780354,0.24917617853300145,0.20635425298802038,0.02106644979872221,0.35621902393650723,0.3166527880969263,0.06237611475939611,
0.2078146713989638,0.2095121842002573,0.3889637537416132,0.1436854779831107,0.031135985247350062,0.02558826831860275,0.258529144333114,0.2558569715722389,0.12901522572625518,0.11367268491814629,0.13423630335895012,0.24301524685161946,0.20504777720616751,0.1035996058844718,0.26393337927488947,0.09095912944498062,0.23354206946523115,0.3925157769290027,0.09118393390328597,0.2532900182264048,0.07248222862501282,0.3618867532747732,
0.33408447648102024,0.36161568147980705,0.2338342921715426,0.3546596668165254,0.01320439003032532,0.05811636551212987,0.3640303441984768,0.2649101929458559,0.001959284673445572,0.1508102345563135,0.06991176796148464,0.18404815640246938,0.11362484551582247,0.2736723338509291,0.05652272841411454,0.31816453921709154,0.14568624084008075,0.048168056279604965,0.0847593592268488,0.2846260897292346,0.3960717551596221,0.10842364845100168,
0.19760653088826863,0.25049502578569455,0.25247948578093843,0.17190757184924932,0.0724760692205384,0.16819908544912265,0.16839071052210164,0.2235504312246368,0.025722853098634826,0.24790330927713336,0.016807895171788444,0.32698961976073426,0.22605322126658078,0.08855249606925503,0.11408552071276477,0.1329351059907778,0.004567287014485855,0.2203896409270436,0.3041328916649996,0.007702452399952264,0.10247036670599341,0.0035549177875339845,
0.387052679643185,0.3931667024226385,0.03757410743464798,0.053449040400395956,0.15664023507896455,0.04092288235147872,0.0540409416944303,0.24315449857803173,0.20314915751593965,0.08482747867138252,0.017660106135908828,0.30162068355538746,0.32820743953181236,0.2358228319141713,0.211606426461231,0.15215830122376853,0.01223541593706985,0.1125632238158802,0.03717613671962607,0.007232564027642097,0.35125934398932884,0.23791162905281937,
0.3214024976855798,0.3849481488771474,0.0959987979084147,0.11834946455089633,0.3926319546479724,0.3792237302009591,0.19792695877067412,0.09096412673238152,0.2918364053231208,0.3046126886949347,0.09577647005454892,0.1762009413046225,0.3209347691625235,0.3255789689633772,0.2446986211869965,0.19516768050051164,0.049352061418139616,0.27904326990417894,0.24323306032413328,0.2826800385910875,0.023941052712425838,0.37712857357685303,
0.10195712454433355,0.13041240383578453,0.10275675067117405,0.16317816496441392,0.3036291042693804,0.10815698864022215,0.12214715259809146,8.888336830894517e-05,0.2031876019868205,0.20561152890281337,0.012362168018311737,0.25076937842176256,0.20441124422583026,0.33869904857638594,0.239699648838368,0.05435766528725492,0.32926750188599524,0.04724073614768174,0.23148284143420922,0.003963949713407855,0.058667414450725944,0.1648764953636578,
0.1688964757671787,0.27173348208882925,0.20212582829771805,0.13060005796528937,0.12057051271493102,0.25660213657349334,0.044152351471945045,0.15464435563902945,0.09555638611288148,0.21151457580749874,0.23323992242567837,0.2021152665606869,0.1579578311214162,0.27260925655507295,0.3510524592442634,0.5135141521835705,0.582380858428429,0.5245481526165453,0.15761503740165375,0.23591323428755578,0.45852396003998347,0.0837343881584917,
0.36226072013909566,0.34223169837234496,0.000978555271854953,0.011326286097389194,0.13718923070490394,0.04484813401535131,0.12056012144227651,0.34480033123176346,0.24591253365862717,0.30702815657493937,0.2425840990398264,0.24213436334261523,0.3578419398475121,0.0078049008409486476,0.29760287123161117,0.25056108566558094,0.16530071564646587,0.14471652946813465,0.19938154826084978,0.11039776220206701,0.12189904319623009,0.04050417668475253,
0.19009658339487687,0.1905234980211387,0.16208551235403387,0.2542941595316354,0.37121531979442574,0.02962009436717854,0.3707705230553882,0.33858490683417025,0.35873716827752616,0.10711809866176801,0.16951692939861138,0.0011461986495361121,0.20422558157339346,0.1468877571000089,0.17698366860386058,0.39335201328479963,0.025746866316550057,0.3694567967299715,0.29098280813450894,0.27421887891864827,0.23767304807555023,0.10391776713835427,
0.3156626234032569,0.38101714257535446,0.23870828694768967,0.1927168648015794,0.21658409870086445,0.32026736356885294,0.33190663066368997,0.18513949382854922,0.1411209771875613,0.09570207385034807,0.10679503579614749,0.3609377833758111,0.35227928232050854,0.31579108972383924,0.04464835415082176,0.22301118773802836,0.32800242696510606,0.010893223140850018,0.3270287728376768,0.28708240022404236,0.04386864945776417,0.17620085404231067,
0.17162332248297563,0.0005822242568249703,0.12229670928887937,0.27785797626450986,0.23632268447736343,0.10871478336310997,0.04442045726972071,0.23695195827932017,0.32404456292651906,0.2803098026696253,0.05713525651290703,0.1834725263123827,0.197666826695976,0.2332318453624927,0.24519828211583233,0.1978651346181538,0.07985767868437965,0.24541211068154256,0.011156098408129722,0.18390594142630834,0.20532119725831685,0.1805119063094392,
0.013894431617390568,0.292902325161219,0.03164644130755945,0.014594730294369952,0.1180558014943785,0.21065024934490745,0.030125951440801702,0.3173538211209955,0.09013405571671199,0.2861027489361449,0.34874310916673323,0.21534959524880795,0.11620587446537788,0.014915836227470126,0.07836802053273449,0.08877510109325115,0.3340287915759692,0.13387983111752697,0.16417941111714787,0.37723672065085495,0.06406030456654066,0.3394951226698373,
0.2111646428870723,0.18803361721892584,0.29670598307657786,0.07556992376338681,0.14321795592763836,0.15363006351718378,0.13314684118694986,0.36083609675252926,0.2042353383664667,0.1125001650646485,0.3058194024573533,0.3535002133275468,0.07110335641906795,0.35006981586598035,0.1774226411888773,0.16084661590007532,0.2683304357513395,0.32940059428448126,0.09734168913423753,0.2388407246782569,0.1625594966284982,0.1820637772065065,
0.09949616135931721,0.27251375167443054,0.1034847859688888,0.3788828454583073,0.21468818410916715,0.14808880972148697,0.09963362566950312,0.16458457292441345,0.8660882432387914,0.6864854760942698,0.6911230786420154,0.31450439005021813,0.35883964262825924,0.28475624979989206,0.5292877872268392,0.28065357153172626,0.2848722406296448,0.37580009062510294,0.36827254391240183,0.2952752484854968,0.23055463812957105,0.06055637541280558,
0.31637152101987476,0.10605273819912214,0.3858376770088352,0.17727964028931745,0.3661394382313208,0.10439344756086322,0.2591446138419712,0.07302737877684243,0.1518100613398548,0.28124662060411304,0.21882230691718024,0.17002997572637343,0.07209153475602097,0.2624035524966814,0.28368543910124194,0.0025030860795871137,0.3738267375411761,0.3380260751847479,0.23633611730099086,0.19350248023362232,0.02839200007550362,0.21685159013327962,
0.025171663362955468,0.059096510170455654,0.21398681589613133,0.027354338676182047,0.1828336463453852,0.0547805789050742,0.22951254688342415,0.3789480531921836,0.02523469609427527,0.24233825404836443,0.1712828441801183,0.36067301889233216,0.23014783703473907,0.10568221129491279,0.18851051644992906,0.21175532450857293,0.34889957120497966,0.38772322763243355,0.1810026192803294,0.17631950313222725,0.046601296094187776,0.1174953846074644,
0.1395407983605487,0.11384875625093543,0.3338680921201991,0.01681943558191943,0.2728987787897774,0.21272339354380687,0.02625747507240095,0.3053977900963573,0.3415698477027941,0.3639760377618901,0.07795062685607018,0.27031152797446345,0.334436898881419,0.00586553226775175,0.26995442955677096,0.21771957456025032,0.08137329194237429,0.16114824110679213,0.1702018274148348,0.2727509848269242,0.32315756738709683,0.17843361762240592,
0.3501306166628733,0.1276442001711462,0.20788308373898967,0.024008558704011265,0.12625069722536622,0.25348183894700593,0.3806805191413456,0.09519427225358529,0.3535471846728246,0.08010371922057691,0.2796161077786778,0.17586671664483533,0.0475177494874258,0.028307330632054574,0.2566125540327216,0.38528031898814485,0.1815483712125806,0.21265539990382926,0.11147745392884759,0.17663353194276704,0.102818634744669,0.0535056025159276,
0.35306123991390725,0.11394878319821809,0.07003971149452996,0.2345643397140479,0.3468884563542829,0.2559043277733307,0.18321772770527145,0.10039692062526165,0.1622572971673899,0.29470580569059024,0.1280805630218166,0.27066337934484025,0.1296396885212719,0.2885497914420503,0.0315113723778059,0.37376361237121936,0.31089699178721075,0.25682690176086326,0.2702319304482304,0.3607548407625978,0.18642539815571058,0.34341680766847893,
0.2163984566056701,0.24828187584558617,0.04457066164984807,0.20941875729219595,0.3754824753390118,0.05572962443145984,0.09548443005588357,0.02614628063476876,0.20925028862468695,0.12299060796668915,0.22548834184219355,0.28201401500546835,0.36991695736841645,0.25097755086499723,0.0893090422696945,0.2176859007616701,0.2239227720240131,0.006004750138996107,0.21035801020683398,0.06251076186956471,0.33834877530524504,0.17969983586363605,
0.10637616529280321,0.20543985560181463,0.3164702838618176,0.15966249261785093,0.04468956278090928,0.37427032352453093,0.15462801833329062,0.11870328766867139,0.007686005298820975,0.3668208689681696,0.11720681331454107,0.11140694445766575,0.2508495039661905,0.034742250681337426,0.3817412927658028,0.2210347969037222,0.2604537059823379,0.1681102982297684,0.3607319985923057,0.23547733287706574,0.195976775842029,0.252128948114797,
0.31560913542869873,0.3116635923076585,0.2940695931850497,0.3467983479613765,0.09312099374984247,0.011152052745665442,0.15769169599193825,0.286127572532497,0.19955321362769907,0.3777850610008647,0.08767643645893029,0.10441119648995018,0.17307317666841326,0.2555801042908562,0.2637845596264825,0.10812320023855407,0.2312475150782866,0.29354960193773333,0.1795012483777727,0.286024551556271,0.1755996715409062,0.36043751259758794,
0.33008774899887616,0.04902828650132185,0.17999238183667182,0.007476976079932963,0.26832853167937026,0.18110023188267196,0.05550115624503343,0.3964361697607721,0.13660444075249342,0.05984077028063748,0.11339272936517607,0.04942086413035632,0.37210407057130657,0.1026480073648421,0.26827441386656764,0.22382087599722197,0.1940658484667809,0.3750299546440776,0.02751692928257521,0.19269810544463783,0.08823105634993587,0.0928391502958526,
0.0620078221804917,0.244257601589469,0.29638874356678446,0.1341378023796215,0.18569530905820875,0.17763153544642482,0.00528217493762071,0.3964680604963652,0.13619114860751416,0.2996277563804925,0.148120405778467,0.2909460567751714,0.3705575804491025,0.09493102167650065,0.05014042901164979,0.03404870430051315,0.35423101191419276,0.2948785706549885,0.24249774731640558,0.20884789086505076,0.37388239897853576,0.1278539193760959,
0.03698965570427944,0.10340538119171923,0.37465524278039203,0.0029136990664469843,0.1922557194344329,0.012554574343912562,0.05915685857712086,0.249957519644873,0.29440174453152407,0.21980309726050337,0.09009376307140747,0.04388817214010876,0.1761639836688821,0.24948925275915912,0.05829362255930284,0.32618623865260077,0.07498301573065147,0.06530092893581374,0.09018442369026443,0.07213863832761636,0.04190077483830859,0.07629371664986517,
0.38155819770208965,0.3333483452264048,0.20463124864874588,0.21081796702370814,0.3010908190811095,0.3474110511527107,0.3344237874854083,0.16023568490242068,0.1322918008355288,0.04448314247406038,0.10793009373014058,0.1484427484888618,0.140291731388046,0.3546557063730808,0.22773068291873338,0.17819091387705766,0.10603986166758293,0.1130534121130892,0.2584060224571933,0.39490597455252985,0.2434360999979921,0.23819804311354448,
0.26690688503083865,0.10534464282215708,0.15890577522496266,0.07460244645481864,0.2011895187657974,0.04313688539118341,0.04274188207686307,0.16636250073294723,0.3086790145110649,0.30854673353085443,0.22501155905702755,0.37625009823831945,0.38653475259414943,0.3713389784936211,0.1756176814624457,0.0528621257526074,0.35348681076559957,0.1332824406044398,0.22776811767475472,0.3112264037776738,0.15057918590793498,0.20936249831279202,
0.07937009981581777,0.04330786507397799,0.018894000670304667,0.2822340470769502,0.28054810077044007,0.2563582157862979,0.3444838543302439,0.317543585112628,0.14027916005946986,0.05285925899478743,0.17187575533409724,0.2275612746420287,0.3875605756133489,0.31037994653944007,0.1793360281479599,0.12604140919071116,0.21389476118712386,0.39964701281076986,0.3704282539026487,0.056347753604036745,0.31037166788240816,0.009659610342777115,
0.3115174051959464,0.14245425197892247,0.22950832419127304,0.08832770648174115,0.2607404797396153,0.3882531091602515,0.24511463929539998,0.3530765794840059,0.015719676575374607,0.29985986747478816,0.3720872088974254,0.3213467531094311,0.07046001270994,0.30384370306309094,0.3652832327813982,0.06816598078308807,0.21756293050089204,0.04736124147459484,0.039234620403569315,0.16548878538956635,0.23912815268025622,0.11374464263069194,
0.15153941104604507,0.1847201551589912,0.23444959106395724,0.24767255730286128,0.38376171418704114,0.045176140259547595,0.1671706697307109,0.05377697298455071,0.3506317196025821,0.06877234192408462,0.29785601866465045,0.05450265532428618,0.24636520361967149,0.2889644753577368,0.01987893080865897,0.26968750535167496,0.3166232858695613,0.29640212028375373,0.12318800618869474,0.39464402416368466,0.018628457866972915,0.09368960505491444,
0.3541577765222289,0.21978834538894898,0.04089432552972157,0.07709215431310557,0.08438286444731427,0.16502482599448143,0.17527628095529324,0.31652486971729993,0.013382943190713405,0.2508659840529141,0.09746266483446711,0.1727228687145056,0.133092829385006,0.2848173047315401,0.26829268258620326,0.30938083231321684,0.39964087190662817,0.2787075043512196,0.01114984642679242,0.23345230991897387,0.007233626070265231,0.21804865587576527,
-0.8981948671932087,0.15056473974478257,0.4579842788634189,0.2788180056133619,0.7175431685447099,0.3762191948848227,0.018564940939609833,0.25756134039211476,0.3868126311054548,0.4390075616231343,0.46559936614970243,0.7389103819287269,1.0300488370087089,1.0813358921264105,1.125467526036447,1.1753472708267623,1.196637459928231,1.2198491513853595,1.2037067306872784,1.1967919621471255,1.2007317843889305,1.1968976613506797,
0.09646820746247015,0.23123725594260736,0.13400942275996416,0.0948533463864604,0.34862967339391265,0.3624858952006569,0.3076588148547828,0.1262258123013258,0.38782570198639615,0.21952075278098337,0.1287848099608694,0.16151997823158873,0.2725570820149234,0.07726290246788624,0.11508198488506945,0.17884272200153273,0.27682235878951966,0.3508813026251709,0.002598413648215248,0.22055947246270696,0.020349999616406534,0.12493830473285845,
